((("ruby-electric" .
   [1 0 0 0 0 0 0 0 0 0 0 0 0])
  ("info_button" .
   [1 0 0 0 0 0 0 0 0 0 0])
  ("last-child" .
   [0 0 0 0 0 1 0 0 0 0])
  ("666666" .
   [1 0 0 0 0 0])
  ("photo" .
   [2 0 0 0 0])
  ("999999" .
   [1 0 0 0 0 0])
  ("f" .
   [1])
  ("14px" .
   [1 0 0 0])
  ("div" .
   [1 0 0])
  ("margin-bottom" .
   [1 0 0 0 0 0 0 0 0 0 0 0 0])
  ("15px" .
   [1 0 0 0])
  ("18px" .
   [1 0 0 0])
  ("gif" .
   [1 0 0])
  ("3" .
   [1])
  ("links" .
   [2 0 0 0 0])
  ("bio" .
   [1 0 0])
  ("t" .
   [1])
  ("img" .
   [1 0 0])
  ("person_detailed" .
   [3 0 0 0 0 0 0 0 0 0 0 0 0 0 0])
  ("300px" .
   [1 0 0 0 0])
  ("integer" .
   [1 0 0 0 0 0 0])
  ("price" .
   [1 0 0 0 0])
  ("keywords" .
   [1 0 0 0 0 0 0 0])
  ("description" .
   [2 0 0 0 0 0 0 0 0 0 0])
  ("category_id" .
   [1 0 0 0 0 0 0 0 0 0 0])
  ("attr_accessible" .
   [0 0 0 0 0 0 0 0 0 0 1 0 0 0 0])
  ("update_attribute" .
   [1 0 0 0 0 0 0 0 0 0 0 0 0 0 0 0])
  ("find" .
   [1 0 0 0])
  ("videos" .
   [1 0 0 0 0 0])
  ("split" .
   [1 0 0 0 0])
  ("id" .
   [4 0])
  ("for" .
   [1 0 0])
  ("list" .
   [2 0 0 0])
  ("min" .
   [1 0 0])
  ("custom" .
   [1 0 0 0 0 0])
  ("16" .
   [1 0])
  ("jquery" .
   [1 0 0 0 0 0])
  ("require" .
   [1 0 0 0 0 0 0])
  ("re" .
   [1 0])
  ("f0f0f0" .
   [1 0 0 0 0 0])
  ("all_videos" .
   [1 0 0 0 0 0 0 0 0 0])
  ("10" .
   [1 0])
  ("5px" .
   [5 0 0])
  ("padding" .
   [1 0 0 0 0 0 0])
  ("e" .
   [1])
  ("16px" .
   [1 0 0 0])
  ("dddddd" .
   [1 0 0 0 0 0])
  ("cccccc" .
   [3 0 0 0 0 0])
  ("li" .
   [7 0])
  ("ul" .
   [2 0])
  ("profile_series" .
   [2 0 0 0 0 0 0 0 0 0 0 0 0 0])
  ("series" .
   [4 0 0 0 0 0])
  ("file" .
   [1 0 0 0])
  ("env" .
   [1 0 0])
  ("Rails" .
   [1 0 0 0 0])
  ("nil" .
   [1 0 0])
  ("video_file_processing" .
   [1 0 0 0 0 0 0 0 0 0 0 0 0 0 0 0 0 0 0 0 0])
  ("visible" .
   [2 0 0 0 0 0 0])
  ("where" .
   [1 0 0 0 0])
  ("scope" .
   [1 0 0 0 0])
  ("5em" .
   [2 0 0])
  ("line-height" .
   [0 0 0 0 0 0 0 0 1 0 0])
  ("43A8BE" .
   [1 0 0 0 0 0])
  ("66ff66" .
   [0 0 0 0 1 0])
  ("processing" .
   [1 0 0 0 0 0 0 0 0 0])
  ("text" .
   [1 0 0 0])
  ("render" .
   [1 0 0 0 0 0])
  ("else" .
   [1 0 0 0])
  ("uploadify" .
   [1 0 0 0 0 0 0 0 0])
  ("member" .
   [1 0 0 0 0 0])
  ("upload" .
   [2 0 0 0 0 0])
  ("get" .
   [1 0 0])
  ("update" .
   [4 0 0 0 0 0])
  ("persisted?" .
   [1 0 0 0 0 0 0 0 0 0])
  ("self" .
   [3 0 0 0])
  ("blank?" .
   [1 0 0 0 0 0])
  ("video_file" .
   [2 0 0 0 0 0 0 0 0 0])
  ("params" .
   [3 0 0 0 0 0])
  ("not" .
   [1 0 0])
  ("def" .
   [1 0 0])
  ("uploading_file" .
   [4 0 0 0 0 0 0 0 0 0 0 0 0 0])
  ("unless" .
   [5 0 0 0 0 0])
  ("if" .
   [6 0])
  ("gem" .
   [1 0 0])
  ("uploaded_content" .
   [1 0 0 0 0 0 0 0 0 0 0 0 0 0 0 0])
  ("12" .
   [4 0])
  ("column" .
   [4 0 0 0 0 0])
  ("include" .
   [4 0 0 0 0 0 0])
  ("purchases" .
   [1 0 0 0 0 0 0 0 0])
  ("edit_profile_video_path" .
   [0 0 0 0 0 0 0 0 0 0 0 0 0 0 1 0 0 0 0 0 0 0 0])
  ("edit_profile" .
   [0 0 0 0 0 0 0 0 0 1 0 0])
  ("video" .
   [7 0 0 0 0])
  ("profile_video_path" .
   [0 0 0 0 0 0 0 0 0 0 0 0 0 2 0 0 0 0])
  ("proc" .
   [2 0 0 0])
  ("profile_path" .
   [1 0 0 0 0 0 0 0 0 0 0 0])
  ("name" .
   [4 0 0 0])
  ("add_breadcrumb" .
   [0 0 0 0 0 0 0 1 2 2 0 0 0 0])
  ("is?" .
   [1 0 0])
  ("is" .
   [1 0])
  ("alert" .
   [1 0 0 0 0])
  ("root_path" .
   [1 0 0 0 0 0 0 0 0])
  ("Nerdi" .
   [1 0 0 0 0])
  ("login_path" .
   [1 0 0 0 0 0 0 0 0 0])
  ("current_user" .
   [3 0 0 0 0 0 0 0 0 0 0 0])
  ("and" .
   [1 0 0])
  ("false" .
   [1 0 0 0 0])
  ("true" .
   [5 0 0 0])
  ("6" .
   [1])
  ("50px" .
   [2 0 0 0])
  ("10px" .
   [9 0 0 0])
  ("link" .
   [3 0 0 0])
  ("20px" .
   [3 0 0 0])
  ("75" .
   [1 0])
  ("background" .
   [0 0 0 0 0 0 1 0 0 0])
  ("25px" .
   [2 0 0 0])
  ("bottom_nav" .
   [1 0 0 0 0 0 0 0 0 0])
  ("text-shadow" .
   [0 0 0 0 0 0 0 1 0 0 0])
  ("underline" .
   [0 0 0 1 0 1 0 0 0])
  ("relative" .
   [0 0 0 0 0 1 0 0])
  ("position" .
   [0 0 0 0 0 1 0 0])
  ("absolute" .
   [1 0 0 0 0 0 0 0])
  ("none" .
   [3 0 0 0])
  ("text-decoration" .
   [0 0 0 0 0 0 0 2 1 1 0 0 0 0 0])
  ("text-align" .
   [0 0 0 0 0 0 0 0 1 0])
  ("uppercase" .
   [0 0 0 0 0 1 1 0 0])
  ("text-transform" .
   [0 0 0 0 0 0 0 0 0 3 0 0 0 0])
  ("an_avd_project" .
   [0 0 0 0 0 0 0 0 0 1 0 0 0 0])
  ("999" .
   [3 0 0])
  ("000" .
   [4 0 0])
  ("sans-serif" .
   [1 0 0 0 0 0 0 0 0 0])
  ("2" .
   [3])
  ("7" .
   [2])
  ("border-bottom" .
   [2 0 0 0 0 0 0 0 0 0 0 0 0])
  ("solid" .
   [1 0 0 0 0])
  ("40px" .
   [1 0 0 0])
  ("11" .
   [1 0])
  ("auto" .
   [3 0 0 0])
  ("git" .
   [3 0 0])
  ("puts" .
   [1 0 0 0])
  ("before_filter" .
   [2 0 0 2 0 0 0 0 0 0 0 0 1])
  ("protect_from_forgery" .
   [0 0 0 1 0 0 0 0 0 0 0 0 0 0 0 0 0 0 0 0])
  ("before_darling" .
   [0 0 0 1 0 0 0 0 0 0 0 0 0 0])
  ("html" .
   [1 0 0 0])
  ("1px" .
   [4 0 0])
  ("ccc" .
   [4 0 0])
  ("rgba" .
   [1 0 0 0])
  ("0" .
   [16])
  ("25" .
   [3 0])
  ("255" .
   [9 0 0])
  ("24px" .
   [3 0 0 0])
  ("ajax" .
   [1 0 0 0])
  ("1" .
   [6])
  ("0px" .
   [6 0 0])
  ("fff" .
   [2 0 0])
  ("config" .
   [1 0 0 0 0 0])
  ("generators" .
   [1 0 0 0 0 0 0 0 0 0])
  ("haml" .
   [1 0 0 0])
  ("end" .
   [10 0 0])
  ("desc" .
   [1 0 0 0])
  ("th" .
   [1 0])
  ("on" .
   [5 0])
  ("environment" .
   [1 0 0 0 0 0 0 0 0 0 0])
  ("do" .
   [7 0])
  ("validates" .
   [1 0 0 0 0 0 0 0 0])
  ("value_cents" .
   [1 0 0 0 0 0 0 0 0 0 0])
  ("presence" .
   [1 0 0 0 0 0 0 0])
  ("currency" .
   [1 0 0 0 0 0 0 0])
  ("current" .
   [1 0 0 0 0 0 0])
  ("current_balance" .
   [2 0 0 0 0 0 0 0 0 0 0 0 0 0 0])
  ("value" .
   [2 0 0 0 0])
  ("payment_line_items" .
   [0 0 0 0 0 0 0 0 0 0 0 0 1 0 0 0 0 0])
  ("credits" .
   [3 0 0 0 0 0 0])
  ("inject" .
   [1 0 0 0 0 0])
  ("sum" .
   [2 0 0])
  ("amount" .
   [1 0 0 0 0 0])
  ("line_item" .
   [1 0 0 0 0 0 0 0 0])
  ("dollars" .
   [1 0 0 0 0 0 0])
  ("deductions" .
   [4 0 0 0 0 0 0 0 0 0])
  ("raise" .
   [1 0 0 0 0])
  ("save" .
   [1 0 0 0])
  ("errors" .
   [1 0 0 0 0 0])))
